0000000 457f 464c
0000004 0101 0001
0000010 0000 0000
*
0000020 0002 0028
0000024 0001 0000
0000030 0191 0800
0000034 0034 0000
0000040 0588 0001
0000044 0200 0500
0000050 0034 0020
0000054 0002 0028
0000060 0008 0007
0000064 0001 0000
0000070 0000 0001
0000074 0000 0800
*
0000104 0242 0000
*
0000114 0005 0000
0000120 0000 0001
0000124 0001 0000
0000130 0000 0000
0000134 0000 2000
*
0000144 0000 0000
0000150 1010 0000
0000154 0006 0000
0000160 0000 0001
0000164 0000 0000
*
0200000 0000 2002
0200004 0191 0800
0200010 0000 0000
0200014 0232 0800
0200020 0000 0000
*
0200030 0232 0800
0200034 0000 0000
*
0200054 0232 0800
0200060 0000 0000
*
0200074 0230 0800
0200100 0000 0000
*
0200620 b580 b082
0200624 af00 4b0e
0200630 607b 4b0e
0200634 603b 687b
0200640 4a0d 619a
0200644 683b 4a0d
0200650 619a 4a0d
0200654 687b 6013
0200660 4a0b 683b
0200664 6053 4b0b
0200670 2201 601a
0200674 4b0a 681b
0200700 4a09 f443
0200704 6380 6013
0200710 f000 f830
0200714 e7fe bf00
0200720 fc00 2000
0200724 0400 2001
0200730 01ed 0800
0200734 01fd 0800
0200740 1000 2000
0200744 3830 4002
0200750 0000 4002
0200754 b480 af00
0200760 4b01 2220
0200764 601a e7fb
0200770 0014 4002
0200774 b480 af00
0201000 4b01 2200
0201004 601a e7fb
0201010 0014 4002
0201014 b480 b083
0201020 af00 6078
0201024 bf00 687b
0201030 1e5a 607a
0201034 2b00 d1fa
0201040 bf00 bf00
0201044 370c 46bd
0201050 bc80 4770
0201054 df00 4770
0201060 4770 f04f
0201064 0014 f2c4
0201070 0002 f04f
0201074 0120 6001
0201100 4770 4347
0201104 3a43 2820
0201110 3531 313a
0201114 2e30 2d33
0201120 3032 3132
0201124 302e 2d37
0201130 2934 3120
0201134 2e30 2e33
0201140 2031 3032
0201144 3132 3630
0201150 3132 2820
0201154 6572 656c
0201160 7361 2965
0201164 4100 002b
0201170 0000 6561
0201174 6261 0069
0201200 2101 0000
0201204 0500 4537
0201210 4d2d 0600
0201214 070d 094d
0201220 1202 1404
0201224 1501 1701
0201230 1803 1a01
0201234 1e01 2206
0201240 0001 0000
0201244 0000 0000
*
0201270 0000 0800
0201274 0000 0000
0201300 0003 0001
0201304 0000 0000
0201310 0000 2000
0201314 0000 0000
0201320 0003 0002
0201324 0000 0000
*
0201340 0003 0003
0201344 0000 0000
*
0201360 0003 0004
0201364 0001 0000
0201370 0000 0000
*
0201400 0004 fff1
0201404 0008 0000
0201410 0000 0800
0201414 0000 0000
0201420 0000 0001
0201424 0008 0000
0201430 0000 2000
0201434 0000 0000
0201440 0000 0002
0201444 000b 0000
0201450 0190 0800
0201454 0000 0000
0201460 0000 0001
0201464 0008 0000
0201470 01d0 0800
0201474 0000 0000
0201500 0000 0001
0201504 000b 0000
0201510 01ec 0800
0201514 0000 0000
0201520 0000 0001
0201524 0008 0000
0201530 01f8 0800
0201534 0000 0000
0201540 0000 0001
0201544 000b 0000
0201550 01fc 0800
0201554 0000 0000
0201560 0000 0001
0201564 0008 0000
0201570 0208 0800
0201574 0000 0000
0201600 0000 0001
0201604 000b 0000
0201610 020c 0800
0201614 0000 0000
0201620 0000 0001
0201624 000e 0000
0201630 0000 0000
*
0201640 0004 fff1
0201644 0014 0000
0201650 0018 0000
0201654 0000 0000
0201660 0000 fff1
0201664 001c 0000
0201670 0014 4002
0201674 0000 0000
0201700 0000 fff1
0201704 000b 0000
0201710 022c 0800
0201714 0000 0000
0201720 0000 0001
0201724 0025 0000
0201730 0232 0800
0201734 0000 0000
0201740 0010 0001
0201744 0037 0000
0201750 0230 0800
0201754 0000 0000
0201760 0010 0001
0201764 0047 0000
0201770 01fd 0800
0201774 0010 0000
0202000 0012 0001
0202004 004e 0000
0202010 01ed 0800
0202014 0010 0000
0202020 0012 0001
0202024 0054 0000
0202030 0232 0800
0202034 0000 0000
0202040 0010 0001
0202044 0067 0000
0202050 1000 2000
0202054 0010 0000
0202060 0011 0002
0202064 006f 0000
0202070 0800 2000
0202074 0800 0000
0202100 0011 0002
0202104 0076 0000
0202110 0191 0800
0202114 005c 0000
0202120 0012 0001
0202124 007b 0000
0202130 0232 0800
0202134 0000 0000
0202140 0010 0001
0202144 0087 0000
0202150 022c 0800
0202154 0000 0000
0202160 0010 0001
0202164 008e 0000
0202170 020d 0800
0202174 0020 0000
0202200 0012 0001
0202204 0094 0000
0202210 0000 2000
0202214 0800 0000
0202220 0011 0002
0202224 009b 0000
0202230 0000 0800
0202234 0190 0000
0202240 0011 0001
0202244 6d00 6961
0202250 2e6e 0063
0202254 6424 2400
0202260 0074 7369
0202264 2e72 006f
0202270 4552 4154
0202274 4444 0052
0202300 5047 4f49
0202304 4f5f 5244
0202310 4800 7261
0202314 4664 7561
0202320 746c 485f
0202324 6e61 6c64
0202330 7265 5300
0202334 7379 6954
0202340 6b63 485f
0202344 6e61 6c64
0202350 7265 6c00
0202354 6465 666f
0202360 0066 656c
0202364 6f64 006e
0202370 7355 6761
0202374 4665 7561
0202400 746c 485f
0202404 6e61 6c64
0202410 7265 7400
0202414 7268 6165
0202420 7364 6d00
0202424 6e69 7073
0202430 0032 616d
0202434 6e69 5300
0202440 4356 485f
0202444 6e61 6c64
0202450 7265 5300
0202454 4356 6c61
0202460 006c 6564
0202464 616c 0079
0202470 696d 736e
0202474 3170 7600
0202500 6174 6c62
0202504 0065 2e00
0202510 7973 746d
0202514 6261 2e00
0202520 7473 7472
0202524 6261 2e00
0202530 6873 7473
0202534 7472 6261
0202540 2e00 6574
0202544 7478 2e00
0202550 7362 0073
0202554 632e 6d6f
0202560 656d 746e
0202564 2e00 5241
0202570 2e4d 7461
0202574 7274 6269
0202600 7475 7365
0202604 0000 0000
*
0202660 001b 0000
0202664 0001 0000
0202670 0006 0000
0202674 0000 0800
0202700 0000 0001
0202704 0242 0000
0202710 0000 0000
*
0202720 0004 0000
0202724 0000 0000
0202730 0021 0000
0202734 0008 0000
0202740 0003 0000
0202744 0000 2000
0202750 0000 0002
0202754 1010 0000
0202760 0000 0000
*
0202770 0008 0000
0202774 0000 0000
0203000 0026 0000
0203004 0001 0000
0203010 0030 0000
0203014 0000 0000
0203020 0242 0001
0203024 0033 0000
0203030 0000 0000
*
0203040 0001 0000
*
0203050 002f 0000
0203054 0003 7000
0203060 0000 0000
*
0203070 0275 0001
0203074 002c 0000
0203100 0000 0000
*
0203110 0001 0000
0203114 0000 0000
0203120 0001 0000
0203124 0002 0000
0203130 0000 0000
*
0203140 02a4 0001
0203144 0200 0000
0203150 0006 0000
0203154 0013 0000
0203160 0004 0000
0203164 0010 0000
0203170 0009 0000
0203174 0003 0000
0203200 0000 0000
*
0203210 04a4 0001
0203214 00a2 0000
0203220 0000 0000
*
0203230 0001 0000
0203234 0000 0000
0203240 0011 0000
0203244 0003 0000
0203250 0000 0000
*
0203260 0546 0001
0203264 003f 0000
0203270 0000 0000
*
0203300 0001 0000
0203304 0000 0000
0203310
